Accessible GD77 Boot Up Tones
By Chris ve3rwj

If you want to change the GD77 start up tones, launch the AccessibleGD77 CPS, go to the Extras Menu with ALT+E, then O for Open GD77 Support.
SHIFT+TAB a couple times and you will discover an edit field with some numbers in it and a Play Tune button. The numbers are read as comma-delimited pairs.
the first number is the pitch, the second number is the duration. Use 0 in the pitch spot for silence. 1 gets you second octave A, and each increment gives
you half a step (one semitone) up. 4 is third octave C, 16 is "middle C", 28 is fifth octave C... 40 is 6th octave C, etc. 

Below are many, many Tunes You Can Simply Copy and Paste into the edit field.
If you'd rather spell out something in CW instead, here are a couple examples of that.
Someone's Callsign:
0,3,38,2,0,2,38,6,0,2,38,6,0,6,38,2,0,2,38,6,0,2,38,6,0,2,38,6,0,2,38,6,0,6,38,6,0,2,38,2,0,2,38,6,0,2,38,2,0,6,38,6,0,2,38,2,0,2,38,6,0,2,38,6,0,6
Or this. Can you tell what it says just by looking at the numbers?
38,1,0,1,38,1,0,1,38,3,0,1,38,1,0,3,38,1,0,1,38,1,0,1,38,3,0,3,38,3,0,1,38,1,0,1,38,3,0,1,38,1,0,3,38,3,0,1,38,1,0,1,38,3

Categories:
* Television, Movies, and Jingles: 1-45
* Anthems, Ceremonies, and Celebrations: 46-70
* Popular Songs: 71-80
* Classical and Jazz: 81-100
* More Popular Songs: 101-133
* Miscellaneous: 134-144

* Television and Movies:

1. Star Wars:
27,24,34,12,32,4,31,4,29,4,39,24,34,24
2. Lost In Space:
19,2,0,2,19,2,0,2,0,8,24,2,0,2,24,2,0,2,0,8,31,2,0,2,31,2,0,2,0,8,23,2,0,2,23,2,0,2,0,8,
3. Startrek:
18,9,0,6,23,6,0,4,28,30,0,6,27,6,0,8,23,8,0,4,20,8,0,4,25,8,0,4,30,30
4. Close Encounters Of The Third Kind:
36,6,38,6,34,6,22,6,29,6
5. Mission Impossible:
24,4,0,8,24,4,0,8,27,4,0,4,29,4,0,4,24,4,0,8,24,4,0,8,22,4,0,4,23,4
6. I Dream of Jeannie:
24,15,31,15,0,5,30,1,31,4,0,5,29,5,0,5,33,5,31,10,29,10
7. Looney Tunes:
33,8,0,1,31,2,0,2,29,3,0,3,31,3,0,3,33,2,0,4,32,2,0,4,33,6,29,6,31,2,0,4,31,2,0,4,31,2,
8. Inspector Gadget:
26,3,0,1,28,3,29,3,0,1,31,3,33,8,0,1,29,8,0,1,32,5,0,4,28,8,0,1,31,5,0,4,29,9
9. The Simpsons 1:
29,8,0,4,35,16,0,1,36,16
10. The Simpsons 2:
29,10,0,10,33,5,0,7,35,5,0,7,38,3,0,5,36,10,0,8,33,4,0,8,29,4,0,8,26,6,0,1,23,6,0,1,23,6,0,1,23,6,0,1,24,8
11. The Transformers (1990's):
23,4,0,4,28,8,0,6,30,4,0,4,31,8,0,48,28,8,0,4,30,4,0,4,31,8,0,4,23,4,0,4,24,8
12. Jeopardy:
27,16,32,16,27,16,20,16,27,16,32,16,27,16
13. Jeopardy 2:
44,6,0,12,41,3,0,3,39,3,0,9,37,3,0,9,36,6,0,18,34,6,0,18,32,6
14. The Price Is Right:
34,6,0,2,36,6,0,2,34,3,0,1,41,8
15. Wheel Of Fortune:
36,8,0,4,34,8,0,4,36,8,0,4,34,8,0,4,36,6,0,3,37,6,0,3
16. East Enders (British soap opera):
20,9,0,1,22,9,0,1,24,9,0,1,25,9,0,1,27,18,0,2,29,18,0,2,25,20
17. Coronation Street (British soap opera):
29,32,27,16,25,16,27,8,22,8,25,32
18. Gilligan's Island:
19,8,26,6,0,2,26,6,0,2,26,3,0,1,26,3,0,1,24,6,0,2,21,4,0,4,17,16
19. Friends:
30,7,0,1,30,3,0,1,28,3,0,1,26,3,0,1,24,7,0,1,24,7,0,1,26,3,0,1,28,7,0,1,26,8
20. The Muppet Show:
29,6,0,2,29,7,0,1,26,7,0,1,28,7,0,1,27,3,28,9,24,8
21. The Adams Family:
22,3,0,3,24,3,0,3,26,3,0,3,27,3,0,51,24,3,0,3,26,3,0,3,28,3,0,3,29,3
22. Alfred Hitchcock Presents:
19,9,0,3,19,3,0,3,19,4,0,2,18,3,0,3,16,3,0,3,18,6,0,6,19,3,0,3,21,4
23. Suicide Is Painless (M.A.S.H Theme):
27,9,25,18,24,9,25,18,24,18,25,18,24,18,22,18
24. Andy Griffith "Fishin' Hole":
24,2,0,2,26,2,0,8,29,8,0,8,36,8,0,4,34,2,0,2,33,7,0,1,29,7,0,1,36,8,0,4,34,2,0,2,33,7,0,1,29,6,0,2,26,6,0,2,29,8,33,7,0,1,29,3,0,1,31,8
25. Bonanza:
19,7,0,1,19,2,0,2,19,2,0,2,19,7,0,1,19,2,0,2,19,2,0,2,19,2,0,2,19,2,0,2,19,2,0,2,19,2,0,2,19,7,0,1,19,7,0,1,24,16,28,24
26. Beverly Hills Cop theme ("Axel F" by Harold Faltermeyer:
22,8,0,8,25,8,0,6,22,4,0,4,22,3,0,1,27,4,0,4,22,4,0,4,20,4
27. Monty Python's Flying Circus theme (The Liberty Bell):
29,8,26,4,0,6,26,4,0,2,26,3,0,2,25,3,0,2,26,3,0,2,31,6,0,2,29,3,0,2,26,6,0,2,22,4
28. Monty Python "Always Look On The Bright Side Of Life" (whistled part):
37,6,0,1,34,4,0,23,29,5,0,1,27,4,0,6,29,5,0,1,30,4,0,6,34,5,0,1,32,4
29. Monty Python "Sit On My Face": 
24,2,0,1,26,2,0,1,28,2,0,1,29,9,0,6,26,2,0,1,28,4,0,2,24,2,0,1,26,4,0,2,21,2,0,1,24,6,0,3,24,6
30. Monty Python "Every Sperm Is Sacred::
17,3,0,3,18,2,0,2,20,8,0,8,29,8,0,2,27,14,0,6,25,12
31. ESPN Monday Night Football Theme:
36,4,0,4,34,4,0,4,33,4,0,4,29,56
32. ESPN Monday Night Football Theme (fast):
36,4,0,4,34,4,0,4,33,4,0,4,29,56,0,24,36,2,0,2,34,2,0,2,33,2,0,2,29,2,0,2,36,32
33. Hockey Night In Canada theme (original!):
24,3,0,3,24,3,0,3,24,3,0,3,29,9,0,3,26,9,0,3,36,32
34. NBC Chimes:
12,24,21,24,17,24
35. The Bridge On The River Qwai:
36,4,0,4,33,4,0,4,0,24,33,4,0,4,34,4,0,4,36,4,0,4,45,4,0,12,45,4,0,12,41,16
36. The God Father:
24,12,29,12,32,12,31,12,29,12,32,12,29,12,31,12,29,12,25,12,27,12,24,24
37. John Carpenter "Halloween" Theme:
42,6,0,2,35,6,0,2,35,6,0,2,42,6,0,2,35,6,0,2,35,6,0,2,42,6,0,2,35,6,0,2,43,6,0,2,35,6,0,2
38. McDonald's:
20,4,0,4,22,4,0,8,24,4,0,8,29,4,0,8,27,12
39. State Farm:
15,13,0,3,20,14,0,2,24,15,0,1,26,17,27,19,0,21,32,13,0,1,31,15,0,1,29,17,0,1,31,28
40. Marine Land:
28,11,0,1,28,5,0,1,28,11,0,1,30,12,0,12,27,6,25,11,0,1,23,12
41. Klondike Bars 1:
24,4,0,4,24,2,0,2,26,2,0,2,24,4,0,4,24,2,0,2,26,2,0,2,24,6,0,2,12,6,0,2,12,6,0,2
42. Klondike Bars 2:
22,4,0,4,22,2,0,2,21,2,0,2,19,8,26,8,24,8,0,8,21,8,19,8,21,6,0,2,17,6,0,2,17,8
43. Band-Aids:
23,8,25,8,27,6,0,6,27,6,0,2,27,3,0,1,25,8,23,7,0,1,23,7,0,1,18,7,0,1,20,7,0,1,23,7,0,1,23,3,0,1,25,7,0,1,23,8
44. The Daily Show (original theme):
28,14,32,7,28,7,30,7,32,7,30,7,28,7,25,21,0,7,23,7,21,14
45. The Odd Couple:
17,8,22,6,0,6,29,4,0,4,29,6,0,6,27,4,0,4,29,24

* Anthems, Ceremonies, and Celebrations:

46. Canadian National Anthem:
33,16,36,12,0,3,36,4,0,1,29,24
47. US National Anthem:
34,6,0,2,31,2,0,2,27,9,0,3,31,9,0,3,34,9,0,3,39,12
48. British National Anthem:
36,10,0,2,36,10,0,2,38,10,0,2,35,16,0,2,36,4,0,1,38,10
49. Australian National Anthem:
32,6,0,3,32,3,0,3,32,2,0,1,32,6,0,3,29,8,0,1,37,6,0,3,37,3,0,3,37,2,0,1,36,6,0,3,34,9
50. Russion National Anthem:
27,4,0,4,32,20,0,1,27,13,0,1,29,4,31,20,0,1,24,4,0,6,24,4,0,3,29,20,0,1,27,13,0,1,25,4
51. French National Anthem:
20,3,0,3,20,6,0,6,20,4,0,2,25,12,0,6,25,12,0,6,27,12,0,6,27,12,0,6,32,28,0,2,29,3,0,3,25,12
52. German National Anthem:
19,14,0,7,21,6,0,1,23,13,0,1,21,13,0,1,24,13,0,1,23,13,0,1,21,6,0,1,18,6,0,1,19,14
53. New Zealand National Anthem:
26,14,0,2,25,14,0,2,26,14,0,2,21,14,0,2,30,23,0,1,28,7,0,1,26,24
54. Swiss National Anthem:
20,17,0,1,20,4,0,2,20,17,0,1,25,17,0,1,25,11,0,1,24,4,0,2,24,18
55. Sweedish National Anthem:
29,8,0,2,29,9,0,1,27,4,0,1,25,4,0,1,25,9,0,1,27,4,0,1,29,4,0,1,29,9,0,1,27,4,0,1,25,4,0,1,24,19,0,1
56. Cool and the Gang "Celebration":
35,30,0,2,34,8,0,8,35,15,0,1,34,15,0,1,32,8,0,8,37,6,0,2,37,8
57. Happy Birthday:
22,3,0,1,22,3,0,1,24,7,0,1,22,7,0,1,27,7,0,1,26,8 
58. "Hava Naguila":
21,8,0,8,21,16,0,8,25,6,0,2,22,6,0,2,21,6,0,2,25,8,0,8,25,16,0,8,28,6,0,2,26,6,0,2,25,6
59. Sir Edward Elgar "Pomp And Circumstance":
24,36,23,9,24,9,26,18,21,36,19,18
60. Felix Mendelssohn "Wedding March":
29,15,0,5,28,10,0,5,23,3,0,2,26,8,0,2,24,8,0,2,22,8,0,2,19,8,0,2,17,19,0,1,19,1,21,1,19,1,21,1,19,1,21,1,19,1,21,1,19,1,21,1,19,10,21,10
61. We Wish You A Merry Christmas:
26,6,0,2,34,7,0,1,34,3,0,1,35,3,0,1,34,3,0,1,32,3,0,1,30,7,0,1,27,7,0,1,25,3,0,1,25,3,0,1,27,7,0,1,32,7,0,1,29,7,0,1,30,8
62. Jingle Bell Rock:
29,8,0,2,29,4,0,1,29,9,0,6,28,8,0,2,28,4,0,1,28,8,0,7,26,8,0,2,28,4,0,1,26,10,0,5,21,15
63. Rudolph The Red-Nosed Reindeer:
22,3,0,1,24,4,0,4,22,3,0,1,19,7,0,1,27,7,0,1,24,7,0,1,22,8
64. O Christmas Tree:
23,17,0,1,28,8,0,4,28,3,0,3,28,17,0,1,30,17,0,1,32,8,0,4,32,3,0,3,32,18
65. O Little Town Of Bethlehem (fast):
24,5,0,1,24,5,0,1,24,5,0,1,23,5,0,1,24,5,0,1,27,5,0,1,25,5,0,1,17,4,0,2,22,5,0,1,20,5,0,1,19,2,0,1,20,2,0,1,22,5,0,1,15,5,0,1,24,18
66. Take Me Out To The Ball Game:
18,6,0,6,30,5,0,1,27,5,0,1,25,5,0,1,22,5,0,1,25,12,0,6,20,12
67. "Charge!!" (Does anybody know if this has a title?):
20,5,25,5,29,5,32,5,0,5,29,5,32,10
68. Horse Racing Fanfare:
22,4,0,4,27,4,0,4,31,4,0,4,34,6,0,2,34,2,0,2,34,2,0,2,34,6,0,2,31,6,0,2,31,2,0,2,31,2,0,2,31,6,0,3,27,4,0,4,31,4,0,4,27,4,0,4,22,12
69. Auld Lang Syne:
18,14,23,20,0,1,22,7,23,14,27,14,25,21,0,1,24,7,25,14,27,7,25,7,23,20,0,1,23,7,27,14,30,14,32,21 
70. Chopin "Marche Funèbre" (Funeral March):
15,26,0,1,15,17,0,1,15,8,0,1,15,26,0,1,18,26,0,1,17,17,0,1,15,8,0,1,15,17,0,1,15,8,0,1,15,27

* Popular Songs:
71. Europe "The Final Countdown" (fast):
30,3,28,3,30,9,0,3,23,12,0,16,31,3,30,3,31,3,0,3,30,3,0,3,28,12
72. Europe "The Final Countdown" (slower, and fewer notes):
30,4,28,4,30,12,0,4,23,16
73. Rick James "Super Freak": 
31,10,0,2,29,6,28,6,26,6,0,12,28,6,24,6,0,12,28,6,26,6
74. Wild Cherry "Play That Funky Music (White Boy)":
9,4,0,4,9,4,21,4,0,4,19,4,0,4,21,4,0,4,14,2,0,2,16,4,0,4,19,2,0,2,21,4,0,4,9,4,0,4,9,4
75. "Dueling Banjos":
28,2,0,2,29,2,0,2,31,7,0,1,28,7,0,1,29,7,0,1,26,7,0,1,28,7,0,1,24,7,0,1,26,8
76. Johnny Cash "Ring Of Fire" (Mariachi part):
28,10,29,10,30,10,31,6,0,2,31,2,0,2,31,6,0,2,31,2,0,2,31,6,0,2,33,9,0,1,29,9,0,1,31,30
77. The Allman Brothers Band "Jessica":
21,5,0,1,26,4,0,4,30,4,0,4,31,4,0,4,33,11,0,1,31,8,0,1,30,3,0,1,26,8,0,1,21,8,0,1,19,3,0,1,18,8,0,1,19,8,0,1,21,8,0,1,23,3,0,1,21,18
78. The Police "Message In A Bottle":
18,6,25,6,32,3,0,3,14,12,21,6,28,3,0,3,16,12,23,6,30,3,0,3,11,12,18,6,25,6,26,6
79. The Police "Every Breath You Take" (fast):
12,1,0,1,20,1,0,1,27,1,0,1,20,1,0,1,29,1,0,1,27,1,0,1,20,1,0,1,27,1,12,1,0,1,20,1,0,1,27,1,0,1,20,1,0,1,29,1,0,1,27,1,0,1,20,1,0,1,27,1
80. War "Low Rider":
28,3,0,3,28,3,0,3,28,3,0,3,28,3,0,3,28,3,0,3,29,3,0,9,31,3,0,21,24,3,0,3,28,3,0,3,29,3,0,9,28,3,0,9,24,12
* Classical and Jazz
81. Bizet "Carmen":
31,8,0,8,30,8,0,8,29,16,0,8,29,6,0,2,28,8,0,8,27,8,0,8,26,16
82. Rossini "William Tell Overture":
28,2,0,1,28,2,0,1,28,4,0,2,28,2,0,1,28,2,0,1,28,4,0,2,28,2,0,1,28,2,0,1,33,4,0,2,35,4,0,2,37,6
83. Tchaikovsky "1812 Overture":
27,3,0,1,32,3,0,1,34,3,0,1,36,3,0,1,34,3,0,1,32,3,0,1,34,3,0,1,36,6,0,2,32,6,0,2,32,8
84. Rimsky-Korsakov "Flight Of The Bumblebee":
33,2,32,2,31,2,30,2,29,2,34,2,33,2,32,2,33,2,32,2,31,2,30,2,29,2,30,2,31,2,32,2
85. Beethoven "Ode To Joy":
32,6,0,1,32,6,0,1,34,6,0,1,36,6,0,1,34,8,0,2,32,2,0,1,32,6
86. Beethoven "Fer Elise":
33,4,0,1,32,4,0,1,33,4,0,1,32,4,0,1,33,4,0,1,28,4,0,1,31,4,0,1,29,4,0,1,26,10
87. Beethoven's 5th:
24,3,0,1,24,3,0,1,24,3,0,1,20,12,0,16,22,3,0,1,22,3,0,1,22,3,0,1,19,12
88. J.S. Bach "Toccata And Fugue In D Minor":
38,4,36,4,38,7,0,16,36,4,34,4,33,4,31,4,30,6,0,8,31,10
89. J.S. Bach "Prelude 1 in C Major" (fast!):
17,1,21,1,24,1,29,1,33,1,24,1,29,1,33,1,17,1,21,1,24,1,29,1,33,1,24,1,29,1,33,1,17,1,19,1,26,1,31,1,34,1,26,1,31,1,34,1,17,1,19,1,26,1,31,1,34,1,26,1,31,1,34,1
90. Paganini "Caprice no. 5": 
26,4,29,4,33,4,29,4,28,4,31,4,33,4,31,4,29,4,38,4,36,4,34,4,33,4,31,4,29,4,28,4
91. Modest Mussorgsky "Pictures At An Exhibition":
32,28,0,4,34,28,0,4,36,12,0,2,32,4,0,4,36,4,0,4,34,12,0,4,27,16
92. John Coltrane "Giant Steps":
47,6,16,6,43,6,19,6,40,6,24,4,36,6,15,2,39,6,20,4
93. Miles Davis "So What":
19,4,26,6,0,1,28,4,29,6,0,1,31,4,33,6,29,4,31,6
94. Pat Metheny "Bright Size Life":
11,7,18,7,16,7,23,7,21,7,28,7,26,7,19,7
95. Herbie Hancock "Cantaloupe Island":
22,5,0,1,25,6,27,5,0,1,27,18,25,5,0,1,27,6,29,5,0,1,20,6,22,6
96. Herbie Hancock "Chameleon":
12,7,0,1,13,7,0,1,14,7,0,1,15,4,0,8,25,4,0,8,27,4,0,12,17,7,0,1,18,7,0,1,19,7,0,1,20,4,0,8,27,4,0,8,30,4
97. Herbie Hancock "Rocket":
21,5,0,5,26,5,0,25,21,5,0,5,28,5,0,25,21,5,0,5,32,5,0,10,31,5,0,10,29,20
98. Wayne Shorter "Footprints":
27,7,0,1,27,7,0,1,27,7,0,1,27,7,0,1,29,14,0,2,26,3,0,1,27,15,0,1,26,4,24,3,0,1,22,3,0,1,19,15,0,1,17,8
99. Dave Brubeck (Paul Desmond) "Take Five":
20,4,23,6,25,4,26,6,27,4,26,6,25,4,23,11,0,1,15,5,0,5,18,5,0,5,20,15
100. Gershwin "Summertime":
26,8,22,4,26,48,0,12,24,8,22,4,24,8,26,4,22,12,19,24,14,24

* More Popular Songs
101. Rush "The Spirit of Radio"
35,4,33,4,31,4,33,4,38,4,33,4,31,4,33,4,35,4,33,4,31,4,28,4,37,2,35,2,33,2,31,4,33,4
102. Rush "The Spirit Of Radio" (faster):
35,2,33,2,31,2,33,2,38,2,33,2,31,2,33,2,35,2,33,2,31,2,28,2,37,1,35,1,33,1,31,2,33,2
103. Rush "YYZ":
29,8,0,2,23,4,0,2,29,9,0,3,29,9,0,3,29,9,0,3,23,4,0,2,29,9,0,3,29,9,0,3,29,9,0,3,29,9,0,3,23,5,0,1,23,5,0,1
104. Rush "Limelight":
21,7,0,1,25,7,0,1,26,7,0,1,30,7,0,1,33,7,0,1,28,16,0,16,28,15,0,1,25,7,0,1,26,8
105. Metallica "Master of Puppets":
33,3,0,1,34,3,0,1,40,4,33,3,0,1,34,3,0,1,41,4,33,3,0,1,34,3,0,1,42,4,33,3,0,1,34,3,0,1,41,4,33,3,0,1,34,3,0,1,40,3,0,1,40,3,0,1
106. Metallica "Enter Sandman":
21,18,33,9,36,9,27,9,26,18,33,9
107. Megadeth "Holy Wars":
43,4,44,4,45,8,0,1,38,4,39,4,40,7,0,1,40,4,39,4,38,7,0,1,38,4,37,4,36,7,0,1,36,4,38,4,33,10
108. Slayer "Angel of Death":
32,2,33,2,32,2,20,2,0,2,20,2,0,2,20,2,0,2,20,2,0,2,20,2,0,2,20,2,0,2,31,2,32,2,31,2,20,2,0,2,30,2,31,2,30,2,20,2,0,2,29,2,30,2,29,4,32,2,33,2,32,2,20,2,0,2,20,2,0,2,26,2,0,2,32,2,0,2,36,2,0,2,35,2,0,2,33,2,0,2,34,2,0,2,35,2,0,2,29,2,0,2,35,2,0,2,39,2,0,2,38,2,0,2
109. AC/DC "Thunderstruck": 16,3,0,1,20,3,0,1,16,3,0,1,23,3,0,1,16,3,0,1,20,3,0,1,16,3,0,1,23,3,0,1,16,3,0,1,20,3,0,1,16,3,0,1,23,3,0,1,16,3,0,1,20,3,0,1,16,3,0,1,23,3,0,1,16,3,0,1,20,3,0,1,16,3,0,1,23,3,16,3,0,1,20,3,0,1,16,3,0,1,23,3,0,1,16,3,0,1,20,3,0,1,16,3,0,1,23,3,0,1,16,3,0,1,20,3,0,1,16,3,0,1,23,3,0,1,16,3,0,1,21,3,0,1,16,3,0,1,24,3,0,1,16,3,0,1,21,3,0,1,16,3,0,1,24,3,0,1,16,3,0,1,21,3,0,1,16,3,0,1,24,3,0,1,16,3,0,1,21,3,0,1,16,3,0,1,24,3,0,1,16,3,0,1,21,3,0,1,16,3,0,1,24,3,0,1,16,3,0,1,21,3,0,1,16,3,0,1,24,3,0,1,16,3,0,1,21,3,0,1,16,3,0,1,24,3,0,1,16,3,0,1,21,3,0,1,16,3,0,1,24,3,0,1,16,3
110. AC/DC "Thunderstruck" (fastest):
16,1,20,1,16,1,23,1,16,1,20,1,16,1,23,1,16,1,20,1,16,1,23,1,16,1,20,1,16,1,23,1,16,1,20,1,16,1,23,1,16,1,20,1,16,1,23,1,16,1,20,1,16,1,23,1,16,1,20,1,16,1,23,1,16,1,21,1,16,1,24,1,16,1,21,1,16,1,24,1,16,1,21,1,16,1,24,1,16,1,21,1,16,1,24,1,16,1,21,1,16,1,24,1,16,1,21,1,16,1,24,1,16,1,21,1,16,1,24,1,16,1,21,1,16,1,24,1,16,1
111. Iron Butterfly "Inagodadavida:
31,9,0,9,31,9,0,9,34,9,33,9,29,9,31,9,0,8,38,9,0,9,37,9,0,9,36,9,0,9,34,9
112. Frank Zappa "Muffin Man":
23,31,0,1,23,7,0,1,24,7,0,1,25,15,0,1,28,31,0,1,28,7,0,1,29,7,0,1,30,15,0,1,33,3,0,2,30,3,0,7,30,32
113. Frank Zappa "I'm The Slime":
30,4,33,8,35,4,0,8,30,4,33,11,0,1,30,4,28,4,26,4,28,4,0,4,30,4,28,12
114. Frank Zappa "Eat That Question":
21,8,24,8,33,8,31,8,33,32,35,16,33,4,35,4,33,4,31,4,26,16
115. Frank Zappa "Apostrophe":
21,6,24,6,28,6,31,15,0,3,31,6,28,6,31,6,28,6,40,6,38,18
116. Frank Zappa "You're Probably Wondering Why I'm Here":
19,16,24,8,19,8,24,16,29,8,28,8,24,16,26,12,0,4,26,16,21,16,0,8,24,8,23,12,0,4,23,12,0,4,23,16,0,16,25,12,0,4,25,12,0,4,25,16
117. Frank Zappa "You're Probably Wondering Why I'm Here" (faster):
19,8,24,4,19,4,24,8,29,4,28,4,24,8,26,6,0,2,26,8,21,8,0,4,24,4,23,6,0,2,23,6,0,2,23,8,0,8,25,6,0,2,25,6,0,2,25,8
118. Cream "Sunshine Of Your Love":
43,5,0,1,43,5,0,1,41,6,43,6,0,6,38,6,0,6,37,6,0,6,36,6,0,6,31,6,34,12,31,4
119. Derek And The Domino's "Layla":
26,4,29,4,31,4,34,4,31,4,29,4,31,8
120. Deep Purple "Smoke On The Water":
24,6,0,6,27,6,0,6,29,12,0,6,24,6,0,6,27,6,0,6,30,3,0,3,29,12
121. Jethro Tull "Aqualung":
31,6,0,1,24,6,0,1,27,6,0,1,29,6,0,1,30,12,0,1,29,6
122. Aerosmith "Walk This Way":
26,3,0,1,27,3,0,1,28,3,0,1,33,4,0,4,26,3,0,1,27,3,0,1,28,3,0,1,33,4,0,4,21,4
123. Guns 'n Roses "Sweet Child O' Mine":
18,5,30,5,25,5,23,5,35,5,25,5,34,5,25,5
124. Suzanne Vega "Tom's Diner":
23,6,0,6,25,6,0,6,26,11,0,1,30,6,0,6,23,6,0,6,25,5,0,1,26,17,0,1,30,6
125. Pink Floyd "Wish You Were Here":
24,8,0,4,26,6,28,6,31,6,0,6,33,12
126. Pink Floyd "Money":
16,5,0,10,28,10,23,5,16,10,0,5,11,14,0,1,14,14,0,1,16,14,0,1,19,15
127. Pink Floyd "Shine ON You Crazy Diamond" (Syd's Theme:
15,14,0,1,22,14,0,1,12,14,0,1,21,30
128. Edgar Winter Group "Frankenstein":
24,4,0,1,24,4,0,1,0,5,24,5,0,5,24,5,0,5,22,4,0,1,24,5,0,5,24,5,0,5,27,15
129. ZZ Top "Cheap Sunglasses":
24,4,0,1,24,4,0,1,0,5,22,5,0,5,24,5,0,5,24,4,0,1,27,5,0,5,29,5,0,5,27,15
130. Salt n Pepa "Push It":
26,6,0,12,33,6,0,4,31,6,0,10,29,6,0,10,28,6
131. Genesis "Turn It On Again":
16,8,18,8,16,8,20,15,0,1,20,15,0,1,18,24,0,16,19,8,21,8,19,8,23,15,0,1,23,15,0,1,21,16,19,16
132. Genesis "Invisible Touch":
27,4,0,4,27,4,0,4,27,4,0,4,27,8,0,8,26,8,0,8,22,8,0,8,22,8,0,8,22,8,0,8,24,8
133. Lipps Inc. "Funky Town":
29,4,0,4,29,4,0,4,27,4,0,4,29,4,0,12,24,4,0,12,24,4,0,4,29,4,0,4,34,4,0,4,33,4,0,4,29,4

* Miscellaneous:

134. Eudora (ancient email program) new mail sound (also the Log song from Ren and Stimpy):
26,3,0,3,26,3,0,3,30,3,0,3,33,8,0,4,30,3,0,3,31,12
135. Nokia Ring Tone:
47,6,45,6,35,9,37,9,42,6,40,6,31,9,33,9,42,6,40,6,30,9,33,9,38,9
136. Circus music:
41,4,0,4,40,4,0,4,39,4,40,4,39,4,38,4,37,4,0,4,36,4,0,4,35,4,0,4,36,4
137. Your GD77 will never be a Kenwood TH-D74A/E, but you can at least get it to beep like one at power up.
40,2,0,2,40,2
138. TH-D74 Allstar Confirmed:
38,2,0,1,34,2,0,1,41,2,0,1
139. Or like a Yaesu FT-60R and others:
29,8,33,8,36,8
140. Yaesu WiRES-X connect sound:
36,5,0,1,38,5,0,1,40,5,0,1,41,5
141. Baby Shark:
19,16,23,16,24,4,0,4,24,4,0,4,24,4,0,4,24,2,0,2,24,4,0,4,24,2,0,2,24,4,0,4
142. Kars For Kids (jingle):
19,2,21,13,0,1,21,13,0,1,21,13,0,1,22,13,0,1,22,2,21,12,19,4,0,3,19,14
143. Tetris:
33,6,0,6,31,12,28,3,0,3,29,3,0,3,31,12,29,3,0,3,28,3,0,3,26,12,0,6,29,3,0,3,33,12
144. Silence:
0,0
